10,26
10,78
10,170
10,20
10,192
10,96
10,84
10,262
11,10
11,12
11,8
8,10
8,18
8,16
8,6
20,2
20,1
20,3
19,2
19,1
19,3
434,7
434,6
434,5
434,4
434,3
434,2
434,1
434,0
431,73
431,72
18,1
431,71
431,70
431,69
431,68
431,67
18,3
431,66
431,65
431,64
431,43
431,42
431,41
431,40
431,39
431,38
431,37
431,36
431,35
431,34
431,33
431,32
431,31
431,30
431,29
431,28
431,27
431,26
431,25
431,24
431,23
431,22
431,21
431,20
431,19
431,18
431,17
431,16
431,15
14,1
431,14
431,13
431,12
431,11
431,10
431,9
431,8
431,7
431,6
431,5
431,4
431,3
14,5
431,2
431,1
14,3
431,0
430,5
430,4
430,3
13,1
430,2
430,1
13,3
430,0
429,3
429,2
429,1
429,0
428,4
428,3
428,2
428,1
428,0
427,4
427,3
427,2
427,1
427,0
426,4
426,1
426,3
426,2
12,3
12,2
12,1
11,26
11,22
11,20
11,14
11,6
